80.4,-129	80.4,-1.0	40,127
80.4,-129	0.4,-129	40,127
80.4,-1.0	0.4,-1.0	-20,127
0.4,-129	0.4,-1.0	-20,127
0.4,-129	-127.6,-129	-20,127
0.4,-1.0	-127.6,-1	-20,127
-30.4,127	-127.6,127	40,-129
30.4,127	128.4,127	-30,-129

-20.4,-129	128.4,-129	-20.4,127
128.4,-21	128.4,127	-127.6,-21
20.4,127	-127.6,127	20.4,-129
-127.6,19	-127.6,-129	128.4,19
20.4,-129	127.6,-129	20.4,127
-127.6,-21	-127.6,127	128.4,-21
-20,127.0	128.4,127	-20,-129
-128.4,20	128.4,-129	-127.6,20

80.4,-129	80.4,-1.0	80.4,-1.0
80.4,-1.0	80.4,-129	80.4,-129
0.4,-129	0.4,127.0	0.4,127
0.4,127.0	0.4,-129	0.4,-129
-127.6,-1	128.4,-1	128.4,-1
128.4,-1	-127.6,-1	-127.6,-1

0.4,-129	128.4,-129	-20.4,127
128.4,-1	128.4,127	-127.6,-21
0.4,127	-127.6,127	20.4,-129
-127.6,-1	-127.6,-129	128.4,19
0.4,-129	127.6,-129	20.4,127
-127.6,-1	-127.6,127	128.4,-21
0.4,127.0	128.4,127	-20,-129
128.4,-1	128.4,-129	-127.6,20